8993137691246
8993137691222
8993137681551
8993137681544
8993137691925
8993137691932
8993137691949
8993137571524
8993137571548
8993137572484
8993137574754
8993137574761
8993137574785
8993137574808
8993137574815
8993137572491
8993137575294
8993137575881
8993137679459
8993137691062
8993137691154
8993137691055
8993137690683
8993137680004
8993137680011
8993137680028
8993137680035
8993137679183
8993137679190
8993137679206
8993137679213
8993137677776
8993137690898
8993137690881
8993137690928
8993137690911
8993137685429
8993137685436
8993137685443
8993137685450
8993137685467
8993137685474
8993137685481
8993137685498
8993137574525
8993137574532
8993137678773
8993137680318
8993137680325
8993137680332
8993137680349
8993137572385
8993137572392
8993137572408
8993137572415
8993137677097
8993137680462
8993137680455
8993137680509
8993137680639
8993137680646
8993137680653
8993137676069
8993137574990
8993137575003
8993137575034
8993137676113
8993137575041
8993137575058
8993137679596
8993137575065
8993137575089
8993137679640
8993137679657
8993137679664
8993137679671
8993137679688
8993137679695
8993137681438
8993137680240
8993137680257
8993137680394
8993137680400
8993137680417
8993137680424
8993137681445
8993137693578
8993137575171
8993137572507
8993137678506
8993137678476
8993137678490
8993137691901
8993137691918
8993137691864
8993137691895
8993137691888
8993137691871
8993137684583
8993137681537
8993137678711
8993137678704
8993137575133
8993137575140
8993137681506
8993137681490
8993137692328
8993137262002
8993137264501
8993137260022
8993137252003
8993137254502
8993137250023
8993137253024
8993137254519
8993137250030
8993137250047
8993137391016
8993137683661
8993137683623
8993137327206
8993137317207
8993137683722
8993137683739
8993137683746
8993137683753
8993137683760
8993137683784
8993137684019
8993137684026
8993137154512
8993137150026
8993137147200
8993137147217
8993137172004
8993137174503
8993137170024
8993137170055
8993137172011
8993137174510
8993137170031
8993137182041
8993137184540
8993137180429
8993137180450
8993137180245
8993137182058
8993137184052
8993137180528
8993137180559
8993137683708
8993137182096
8993137683821
8993137572057
8993137572064
8993137572033
8993137572040
8993137683890
8993137683906
8993137247207
8993137572125
8993137572101
8993137684316
8993137571128
8993137683951
8993137683975
8993137222013
8993137212007
8993137677318
8993137371001
8993137681889
8993137681896
8993137681872
8993137684125
8993137681766
8993137681773
8993137681780
8993137681698
8993137681704
8993137681711
8993137681728
8993137681735
8993137681742
8993137681759
8993137692212
8993137692687
8993137681834
8993137681841
8993137681858
8993137681865
8993137688239
8993137682398
8993137682480
8993137682367
8993137682121
8993137683517
8993137683500
8993137682558
8993137682589
8993137682619
8993137682602
8993137682565
8993137682541
8993137690966
8993137690980
8993137690959
8993137690973
8993137683364
8993137683371
8993137683043
8993137683067
8993137683074
8993137683050
8993137692694
8993137692700
8993137692489
8993137682633
8993137682688
8993137682664
8993137682657
8993137683005
8993137692250
8993137681919
8993137681933
8993137681964
8993137692267
8993137684217
8993137681902
8993137683562
8993137683524
8993137683548
8993137683531
8993137683180
8993137688581
8993137691307
8993137691314
8993137691499
8993137691505
8993137691970
8993137691987
8993137691420
8993137691437
8993137691444
8993137691451
8993137692014
8993137692038
8993137692045
8993137691826
8993137691819
8993137691796
8993137691529
8993137691550
8993137691543
8993137691536
8993137691567
8993137691642
8993137691659
8993137691666
8993137691680
8993137691710
8993137691727
8993137692663
8993137691697
8993137691703
8993137692755
8993137691581
8993137681629
8993137681636
8993137681643
8993137681650
8993137681667
8993137681681
8993137681674
8993137685504
8993137685511
8993137685528
8993137685535
8993137685542
8993137688222
8993137688246
8993137692793
8993137680103
8993137680110
8993137680127
8993137680134
8993137680141
8993137680158
8993137680165
8993137680042
8993137680059
8993137680189
8993137680066
8993137680073
8993137680080
8993137680097
8993137692359
8993137692366
8993137574853
8993137677035
8993137693165
8993137693424
8993137693448
8993137693417
8993137692731
8993137692748
8993137694162
8993137694186
8993137693707
8993137693738
8993137693745
8993137693189
8993137691338
8993137693585
8993137691734
8993137693561
8993137694216
8993137693899
8993137693608
8993137691772
8993137691765
8993137693516
8993137683012
8993137694117
8993137681476
8993137694308
8993137694339
8993137694346
8993137694353
8993137694360
8993137694889
8993137694896
8993137694902
8993137694919
8993137694926
8993137694933
8993137694940
8993137694957
8993137694964
8993137694971
8993137694988
8993137694995
8993137695008
8993137695015
8993137694766
8993137694773
8993137694780
8993137694797
8993137694803
8993137694810
8993137694827
8993137694834
8993137694841
8993137694858
8993137694865
8993137694872
8993137696869
8993137696876
8993137696944
8993137696920
8993137696883
8993137695190
8993137683630
8993137320023
8993137696395
8993137696401
8993137694674
8993137693547
8993137692984
8993137695237
8993137694582
8993137695251
8993137695268
8993137695275
8993137695282
8993137695299
8993137695305
8993137697309
8993137693721
8993137693998
8993137694018
8993137694032
8993137693943
8993137693950
8993137693967
8993137692816
8993137697668
8993137697675
8993137694230
8993137694223
8993137693509
8993137692809
8993137694636
8993137694612
8993137694643
8993137694629
8993137698481
8993137698504
8993137698559
8993137698566
8993137698573
8993137698580
8993137698597
8993137698603
8993137681483
8993137699013
8993137699167
8993137699273
8993137695084
8993137699556
8993137699549
8993137699495
8993137699501
8993137699518
8993137699525
8993137699532
8993137699280
8993137699297
8993137699303
8993137699310
8993137699327
8993137694155
8993137576000
8993137572422
8993137576024
8993137576031
8993137698818
8993137678728
8993137698832
8993137699631
8993137699648
8993137699655
8993137699662
8993137699679
8993137699686
8993137699693
8993137699709
8993137699716
8993137699723
8993137699730
8993137699747
8993137699754
8993137699761
8993137699778
8993137699785
8993137699624
8993137699815
8993137699846
8993137699853
8993137699860
8993137699877
8993137699884
8993137699891
8993137699907
8993137699914
8993137699921
8993137695152
8993137695114
8993137695022
8993137695206
8993137695039
8993137695213
8993137695046
8993137695053
8993137695060
8993137699945
8993137695121
8993137695145
8993137695169
8993137695244
8993137695183
8993137699952
8993137699969
8993137699976
8993137699990
8993137700009
8993137700023
8993137699938
8993137695220
8993137572224
8993137699419
8993137699426
8993137699433
8993137700030
8993137700047
8993137700542
8993137700092
8993137693530
8993137693493
8993137700122
8993137700139
8993137700207
8993137700214
8993137700221
8993137700290
8993137700306
8993137700313
8993137700320
8993137700399
8993137700405
8993137700412
8993137700429
8993137700436
8993137700443
8993137700450
8993137700566
8993137700573
8993137700580
8993137700597
8993137700696
8993137700702
8993137700719
8993137700726
8993137700733
8993137700740
8993137700757
8993137699563
8993137699570
8993137698856
8993137678735
8993137678742
8993137678759
8993137572231
8993137693936
8993137698924
8993137698979
8993137698542
8993137700986
8993137700993
8993137701044
8993137700337
8993137700344
8993137700368
8993137700375
8993137698146
8993137698153
8993137698177
8993137698160
8993137698382
8993137698399
8993137698412
8993137698405
8993137702621
8993137702638
8993137702645
8993137702652
8993137702669
8993137701426
8993137701433
8993137701150
8993137699402
8993137701761
8993137701792
8993137701808
8993137702737
8993137702744
8993137702751
8993137701051
8993137701266
8993137701273
8993137701280
8993137701297
8993137701303
8993137698184
8993137698429
8993137691345
8993137691352
8993137691369
8993137691376
8993137702010
8993137702027
8993137702133
8993137702140
8993137702157
8993137702164
8993137691321
8993137702720
8993137702003
8993137702188
8993137702195
8993137702218
8993137702225
8993137702232
8993137702249
8993137702171
8993137702034
8993137704113
8993137702683
8993137702690
8993137705592
8993137705608
8993137705653
8993137705660
8993137705677
8993137705684
8993137705691
8993137702256
8993137702263
8993137702270
8993137702287
8993137702805
8993137702812
8993137702775
8993137704120
8993137702942
8993137702959
8993137702966
8993137702713
8993137702706
8993137702577
8993137702584
8993137702591
8993137702607
8993137702614
8993137701488
8993137701495
8993137701518
8993137704434
8993137704465
8993137700764
8993137700771
8993137700788
8993137706605
8993137702331
8993137702324
8993137702317
8993137704373
8993137704380
8993137702836
8993137702843
8993137702201
8993137678803
8993137678810
8993137678827
8993137678834
8993137706292
8993137706308
8993137706315
8993137706322
8993137706339
8993137706346
8993137706353
8993137706360
8993137706377
8993137706384
8993137706391
8993137706407
8993137706414
8993137706421
8993137706438
8993137706445
8993137706452
8993137706469
8993137706476
8993137706483
8993137706490
8993137706506
8993137706513
8993137706520
8993137704762
8993137704779
8993137704786
8993137704793
8993137701471
8993137705158
8993137704021
8993137704038
8993137704212
8993137704229
8993137704236
8993137704243
8993137705462
8993137705479
8993137705486
8993137705493
8993137705509
8993137705516
8993137705523
8993137705530
8993137705349
8993137705356
8993137705363
8993137705370
8993137705387
8993137705394
8993137707589
8993137707596
8993137707602
8993137704809
8993137704816
8993137704823
8993137704830
8993137704847
8993137701310
8993137705905
8993137705912
8993137705929
8993137705936
8993137705943
8993137705950
8993137705967
8993137705974
8993137702348
8993137702355
8993137702362
8993137702379
8993137702386
8993137702409
8993137705288
8993137706025
8993137706049
8993137706056
8993137706018
8993137706032
8993137706063
8993137706070
8993137706087
8993137705028
8993137704953
8993137704984
8993137705011
8993137704960
8993137704977
8993137704991
8993137705004
8993137706131
8993137706148
8993137706155
8993137706162
8993137706179
8993137706186
8993137706193
8993137706209
8993137706216
8993137706223
8993137706230
8993137706247
8993137704151
8993137705981
8993137707213
8993137707206
8993137706629
8993137693639
8993137705325
8993137706674
8993137706636
8993137706667
8993137706698
8993137706681
8993137706704
8993137706612
8993137704137
8993137705271
8993137707800
8993137707817
8993137707831
8993137706872
8993137706889
8993137706896
8993137706902
8993137707503
8993137707732
8993137707749
8993137707510
8993137706643
8993137706650
8993137705998
8993137707756
8993137707763
8993137708067
8993137707770
8993137708456
8993137708272
8993137708265
8993137704564
8993137704571
8993137708449
8993137704717
8993137704724
8993137704731
8993137704748
8993137704755
8993137708401
8993137708418
8993137708289
8993137694131
8993137694148
8993137707848
8993137707855
8993137707862
8993137707879
8993137710718
8993137708081
8993137708098
8993137708104
8993137678445
8993137708883
8993137708746
8993137708685
8993137708692
8993137708708
8993137708715
8993137708722
8993137708739
8993137709705
8993137709712
8993137709729
8993137709736
8993137709743
8993137709750
8993137709767
8993137709774
8993137709781
8993137709798
8993137709804
8993137709811
8993137710985
8993137710992
8993137711005
8993137711012
8993137710435
8993137710442
8993137710459
8993137710466
8993137710527
8993137708609
8993137708616
8993137708623
8993137708630
8993137708647
8993137708654
8993137708661
8993137708678
8993137711548
8993137711289
8993137711265
8993137711272
8993137711555
8993137711562
8993137710688
8993137711067
8993137704526
8993137704533
8993137704540
8993137704557
8993137704588
8993137711753
8993137712040
8993137712057
8993137712064
8993137712071
8993137711661
8993137711678
8993137711685
8993137711692
8993137711708
8993137711722
8993137711715
8993137711739
8993137711180
8993137711197
8993137711203
8993137711210
8993137711227
8993137711241
8993137711234
8993137711258
8993137712330
8993137712347
8993137712354
8993137712361
8993137712378
8993137711463
8993137692762
8993137708944
8993137708951
8993137708968
8993137711579
8993137712217
8993137712224
8993137709576
8993137709583
8993137711593
8993137711586
8993137709590
8993137709606
8993137709613
8993137709620
8993137709637
8993137709644
8993137709651
8993137709668
8993137709675
8993137713696
8993137712736
8993137712743
8993137709064
8993137709071
8993137709101
8993137712422
8993137712439
8993137712446
8993137712453
8993137712460
8993137712477
8993137712484
8993137712507
8993137712514
8993137712521
8993137712538
8993137713405
8993137708838
8993137708845
8993137708852
8993137708869
8993137708876
8993137708753
8993137708760
8993137708777
8993137708784
8993137708791
8993137708807
8993137708814
8993137708821
8993137712033
8993137713702
8993137703048
8993137712934
8993137708500
8993137713955
8993137713962
8993137713979
8993137713986
8993137714464
8993137714471
8993137714488
8993137714495
8993137714112
8993137714129
8993137714136
8993137713993
8993137714006
8993137715492
8993137715508
8993137715515
8993137713740
8993137708982
8993137709002
8993137708999
8993137709019
8993137714013
8993137713320
8993137713337
8993137692311
8993137714549
8993137704168
8993137693646
8993137697163
8993137692335
8993137684606
8993137684613
8993137713344
8993137713450
8993137713467
8993137713474
8993137713481
8993137713498
8993137713504
8993137713511
8993137713528
8993137711777
8993137711807
8993137711845
8993137711821
8993137711760
8993137711791
8993137711784
8993137711814
8993137711852
8993137711838
8993137706810
8993137706827
8993137706834
8993137706841
8993137706858
8993137706865
8993137713191
8993137717311
8993137717328
8993137717335
8993137717342
8993137713177
8993137713658
8993137714259
8993137717687
8993137716840
8993137716857
8993137716864
8993137716871
8993137716888
8993137713801
8993137712705
8993137712712
8993137715669
8993137715676
8993137715683
8993137710855
8993137710909
8993137710879
8993137710886
8993137710916
8993137710923
8993137708173
8993137712668
8993137712682
8993137712699
8993137712637
8993137712644
8993137712651
8993137709132
8993137709149
8993137709163
8993137709170
8993137709187
8993137709156
8993137716154
8993137716147
8993137713894
8993137709125
8993137710824
8993137710831
8993137715935
8993137715942
8993137715959
8993137715966
8993137715973
8993137715744
8993137715751
8993137715768
8993137715775
8993137715782
8993137715805
8993137715799
8993137715812
8993137715645
8993137704519
8993137707893
8993137704502
8993137707886
8993137714020
8993137721684
8993137721738
8993137721745
8993137575225
8993137575201
8993137575218
8993137575898
8993137681452
8993137681469
8993137714143
8993137711036
8993137711043
8993137711050
8993137716024
8993137716031
8993137716017
8993137716000
8993137716048
8993137716055
8993137720731
8993137720748
8993137720403
8993137720410
8993137720427
8993137720434
8993137715713
8993137713160
8993137715546
8993137715553
8993137715560
8993137715577
8993137712002
8993137711999
8993137711982
8993137711975
8993137712026
8993137712019
8993137718028
8993137718035
8993137718042
8993137718059
8993137718066
8993137721714
8993137716413
8993137716635
8993137716642
8993137684071
8993137693851
8993137708166
8993137700627
8993137700634
8993137700641
8993137700658
8993137719094
8993137720526
8993137720533
8993137700801
8993137700818
8993137700825
8993137700832
8993137700849
8993137720755
8993137720762
8993137721707
8993137723794
8993137716604
8993137741330
8993137741347
8993137721721
8993137697156
8993137718516
8993137716475
8993137716499
8993137711883
8993137711906
8993137711913
8993137711920
8993137711944
8993137711951
8993137711968
8993137712873
8993137712880
8993137712897
8993137713207
8993137730297
8993137713238
8993137713252
8993137719988
8993137717519
8993137717526
8993137717533
8993137717540
8993137717557
8993137717564
8993137717588
8993137717571
8993137717595
8993137717601
8993137717625
8993137717618
8993137713634
8993137721752
8993137726139
8993137726146
8993137717847
8993137721486
8993137721493
8993137721509
8993137721516
8993137721523
8993137721530
8993137721547
8993137721554
8993137721561
8993137721578
8993137721585
8993137721592
8993137704175
8993137693653
8993137716482
8993137697149
8993137718592
8993137708258
8993137702072
8993137718608
8993137702058
8993137718615
8993137719377
8993137719384
8993137719407
8993137719414
8993137719421
8993137719438
8993137727716
8993137727709
8993137718691
8993137718707
8993137717984
8993137717991
8993137718639
8993137718622
8993137728195
8993137728201
8993137729291
8993137729307
8993137729451
8993137729468
8993137729475
8993137729482
8993137729499
8993137729505
8993137721417
8993137723756
8993137719995
8993137720007
8993137720014
8993137720021
8993137720038
8993137720045
8993137699204
8993137699211
8993137721691
8993137721769
8993137721776
8993137721783
8993137721790
8993137721806
8993137721813
8993137721820
8993137721639
8993137721622
8993137721615
8993137721677
8993137721646
8993137721660
8993137721608
8993137721653
8993137723176
8993137723183
8993137723190
8993137723206
8993137723213
8993137723220
8993137678902
8993137678919
8993137679022
8993137679039
8993137679046
8993137725873
8993137725880
8993137725897
8993137736275
8993137735827
8993137707619
8993137707626
8993137707633
8993137707640
8993137707657
8993137707664
8993137707671
8993137707688
8993137700795
8993137700931
8993137700948
8993137700955
8993137700962
8993137700979
8993137704427
8993137704410
8993137704403
8993137704397
8993137721219
8993137721226
8993137721233
8993137721240
8993137721257
8993137721264
8993137721271
8993137721288
8993137721295
8993137721301
8993137721318
8993137721325
8993137721332
8993137721349
8993137721356
8993137721363
8993137721370
8993137721387
8993137721394
8993137721400
8993137723114
8993137723121
8993137723138
8993137723152
8993137723169
8993137723145
8993137678858
8993137678865
8993137678872
8993137678889
8993137678896
8993137710558
8993137710473
8993137720779
8993137720786
8993137720441
8993137720458
8993137717939
8993137717946
8993137717953
8993137717960
8993137725965
8993137725972
8993137725989
8993137725996
8993137726009
8993137726016
8993137726023
8993137726030
8993137726047
8993137726054
8993137726061
8993137726078
8993137690942
8993137703871
8993137725446
8993137725453
8993137725460
8993137725477
8993137725484
8993137725491
8993137001236
8993137001243
8993137001250
8993137001267
8993137001274
8993137001281
8993137001298
8993137001304
8993137732581
8993137732598
8993137732604
8993137729765
8993137719216
8993137719223
8993137719230
8993137719247
8993137719254
8993137728638
8993137723350
8993137719650
8993137719667
8993137719674
8993137719902
8993137719612
8993137719636
8993137719643
8993137719629
8993137719308
8993137719315
8993137719339
8993137719346
8993137719322
8993137719803
8993137733946
8993137723831
8993137713283
8993137721837
8993137721844
8993137721851
8993137721868
8993137721875
8993137721882
8993137721899
8993137714174
8993137714181
8993137714198
8993137714204
8993137714211
8993137714228
8993137714235
8993137714242
8993137698443
8993137698467
8993137695138
8993137730822
8993137730839
8993137730846
8993137730853
8993137730860
8993137699488
8993137699471
8993137727198
8993137727204
8993137727228
8993137698672
8993137698849
8993137729055
8993137705868
8993137705875
8993137705882
8993137705899
8993137731003
8993137731010
8993137731027
8993137731034
8993137731041
8993137731058
8993137693776
8993137693790
8993137697248
8993137727945
8993137727952
8993137693769
8993137693783
8993137693806
8993137693813
8993137694452
8993137694469
8993137694476
8993137694490
8993137694506
8993137697194
8993137697224
8993137697231
8993137732796
8993137732802
8993137732819
8993137732826
8993137732833
8993137732840
8993137741460
8993137736572
8993137729840
8993137729857
8993137729864
8993137729871
8993137712200
8993137679053
8993137679060
8993137679077
8993137679084
8993137679091
8993137701990
8993137702041
8993137697170
8993137706254
8993137706261
8993137706278
8993137706285
8993137738293
8993137708296
8993137708319
899313772385
8993137723862
8993137723879
8993137723886
8993137723893
8993137723435
8993137729109
8993137729093
8993137723442
8993137723459
8993137729161
8993137729178
8993137702102
8993137701419
8993137703055
8993137703246
8993137704069
8993137703888
8993137711029
8993137712811
8993137701464
8993137712408
8993137713733
8993137713184
8993137734714
8993137734721
8993137734738
8993137734745
8993137734707
8993137685597
8993137685603
8993137685610
8993137685627
8993137704885
8993137704892
8993137704908
8993137685696
8993137685702
8993137685719
8993137685726
8993137704915
8993137704922
8993137704939
8993137701006
8993137701013
8993137701020
8993137701037
8993137705257
8993137705264
8993137736312
8993137707695
8993137707701
8993137707718
8993137707725
8993137736329
8993137736336
8993137713115
8993137713122
8993137713139
8993137713146
8993137736343
8993137736350
8993137734585
8993137734592
8993137691956
8993137691963
8993137692007
8993137691994
8993137731478
8993137731485
8993137734189
8993137734196
8993137734202
8993137734219
8993137734226
8993137739900
8993137739917
8993137739924
8993137739931
8993137739948
8993137739955
8993137739962
8993137739979
8993137723503
8993137723510
8993137723534
8993137723541
8993137723558
8993137707220
8993137707237
8993137707244
8993137707251
8993137707268
8993137731935
8993137731942
8993137731959
8993137731966
8993137731973
8993137734073
8993137677363
8993137735193
8993137690829
8993137690850
8993137690836
8993137690867
8993137734608
8993137736657
8993137708302
8993137708395
8993137740272
8993137740289
8993137735247
8993137738323
8993137729796
8993137729802
8993137729819
8993137736947
8993137736954
8993137736961
8993137736978
8993137717304
8993137697019
8993137736688
8993137736671
8993137736664
8993137713641
8993137738002
8993137735384
8993137735391
8993137735407
8993137737197
8993137737203
8993137737210
8993137716611
8993137716628
8993137691000
8993137691017
8993137691024
8993137691031
8993137691116
8993137691123
8993137691130
8993137691147
8993137000802
8993137000819
8993137000826
8993137000833
8993137000840
8993137000857
8993137000864
8993137000871
8993137706797
8993137706803
8993137714402
8993137714389
8993137714372
8993137714396
8993137714419
8993137741163
8993137692472
8993137710428
8993137710411
8993137002134
8993137738361
8993137738378
8993137738385
8993137738392
8993137705035
8993137705042
8993137705059
8993137705066
8993137705073
8993137705080
8993137707466
8993137707473
8993137707480
8993137707497
8993137719490
8993137719506
8993137719513
8993137719520
8993137719537
8993137719544
8993137719551
8993137719568
8993137719575
8993137719582
8993137698696
8993137740203
8993137740210
8993137740227
8993137740234
8993137740241
8993137740258
8993137739757
8993137001939
8993137006989
8993137694315
8993137694322
8993137700559
8993137700535
8993137700528
8993137742450
8993137742467
8993137742474
8993137742481
8993137742498
8993137742504
8993137742511
8993137740838
8993137740845
8993137000666
8993137000673
8993137000680
8993137000697
8993137000703
8993137000710
8993137741231
8993137741262
8993137740968
8993137740975
8993137001311
8993137001328
8993137001335
8993137001342
8993137000017
8993137000024
8993137000031
8993137000048
8993137000055
8993137742528
8993137742535
8993137742542
8993137698436
8993137000192
8993137000208
8993137000239
8993137000215
8993137000222
8993137000154
8993137000161
8993137000178
8993137000185
8993137001960
8993137702935
8993137698450
8993137002264
8993137002271
8993137002318
8993137002288
8993137002295
8993137002301
8993137001892
8993137002325
8993137002332
8993137002035
8993137002042
8993137002059
8993137003223
8993137007139
8993137007146
8993137688628
8993137572170
8993137688666
8993137572194
8993137692526
8993137692298
8993137692533
8993137692304
8993137718585
8993137692717
8993137691086
8993137692724
8993137691093
8993137003759
8993137003766
8993137003773
8993137003780
8993137003797
8993137007184
8993137710299
8993137710305
8993137710329
8993137710336
8993137710343
8993137710350
8993137710367
8997241850131
8997241850148
8997241850155
8997241850162
8997241850018
8997241850056
8997241850025
8997241850032
8997241850049
8997241850414
8997241850421
8997241850438
8993137718998
8993137719001
8993137719018
8993137719025
8993137719032
8993137719049
8997241850377
8997241850186
8997241850193
8997241850209
8993137710282
8993137710312
8993137710374
8993137710381
8993137710398
8993137718936
8993137718943
8993137718950
8997241851121
8997241851138
8997241851145
8997241850766
8997241850612
8997241850605
8997241850629
8997241850681
8997241850698
8997241850704
8997241850636
8997241850643
8997241850650
8997241850674
8997241851152
8997241851169
8997241851176
8997241851183
8997241851190
8997241851206
8997241850988
8997241850995
8997241851008
8997241851015
8997241851022
